(-0.00095146, -0.00049517,  0.00016075)
(-0.00053293, -0.00137740,  0.00039533)
( 0.00027390, -0.00265501,  0.00072603)
( 0.00082197, -0.00275497,  0.00075252)
(-0.00266967, -0.00211028,  0.00058437)

(-0.00256651, -0.00032870,  0.00007333)
( 0.00084313, -0.00199747,  0.00055594)
( 0.00059501,  0.00097238, -0.00024993)
(-0.00097872, -0.00017603,  0.00003268)
(-0.00013860,  0.00081936, -0.00024870)
(-0.00197767, -0.00017038,  0.00005025)
(-0.00193347, -0.00064569,  0.00015587)
(-0.00019801, -0.00108784,  0.00030978)
(-0.00065275, -0.00032051,  0.00011957)

(-0.00013153,  0.00000609, -0.00002767)

( 0.00049673,  0.00050096, -0.00015953) Dist: 0.0007232879
(-0.00162070, -0.00237628,  0.00069469) Dist: 0.002959047
(-0.00107495, -0.00292854,  0.00085062) Dist: 0.003233479
(-0.00190968, -0.00066637,  0.00016635) Dist: 0.002029436
( 0.00092891, -0.00140337,  0.00040291) Dist: 0.001730506
(-0.00140913, -0.00091380,  0.00025195) Dist: 0.001698282
(-0.00194890, -0.00244428,  0.00066140) Dist: 0.003195331
( 0.00096193, -0.00173042,  0.00048687) Dist: 0.002038801
( 0.00037331, -0.00291310,  0.00085256) Dist: 0.003058165
(-0.00171808,  0.00007168,  0.00000588) Dist: 0.00171958
(-0.00096614, -0.00058307,  0.00015391) Dist: 0.001138894

[All Points Start]
(-0.00258007, -0.00231809, -0.00005459) Dist: 0.0034689
(-0.00094958, -0.00057100, -0.00117788) Dist: 0.001617137
( 0.00024054, -0.00233658, -0.00144228) Dist: 0.002756382
(-0.00266273,  0.00013246,  0.00069951) Dist: 0.002756264
(-0.00055136,  0.00056968,  0.00067892) Dist: 0.001043771
(-0.00014093, -0.00262881,  0.00028663) Dist: 0.002648141
(-0.00198737, -0.00009494, -0.00008027) Dist: 0.001991258
(-0.00273052,  0.00063917, -0.00029530) Dist: 0.002819837
(-0.00125019,  0.00099099, -0.00227411) Dist: 0.002777878
(-0.00087527, -0.00176264, -0.00126126) Dist: 0.002337469
(-0.00041177, -0.00213394, -0.00222045) Dist: 0.003107037
(-0.00271239,  0.00077163, -0.00061665) Dist: 0.002886642
(-0.00189745, -0.00017700, -0.00087612) Dist: 0.002097433
( 0.00080086, -0.00047793,  0.00029960) Dist: 0.0009795708
( 0.00032045,  0.00024113,  0.00007440) Dist: 0.0004078821
(-0.00047778, -0.00139322,  0.00055759) Dist: 0.001574878
(-0.00018024, -0.00276148, -0.00089174) Dist: 0.002907482
(-0.00176244, -0.00235181,  0.00075986) Dist: 0.003035553
( 0.00042138,  0.00064295, -0.00061470) Dist: 0.0009842784
( 0.00054891, -0.00067476, -0.00250884) Dist: 0.002655344
(-0.00061704, -0.00116733,  0.00019307) Dist: 0.001334416
(-0.00278567, -0.00189356,  0.00019714) Dist: 0.003374078
(-0.00269144,  0.00001251, -0.00297833) Dist: 0.004014284
(-0.00246220,  0.00087854, -0.00066688) Dist: 0.002697962
(-0.00020299,  0.00070601, -0.00294972) Dist: 0.003039817
(-0.00101376, -0.00013865, -0.00055986) Dist: 0.001166354
(-0.00233953, -0.00232699, -0.00211315) Dist: 0.003918376
(-0.00004008, -0.00190711, -0.00089089) Dist: 0.00210532
( 0.00067533, -0.00289254,  0.00039253) Dist: 0.00299615
( 0.00080914, -0.00089307, -0.00058259) Dist: 0.001338543
(-0.00178835, -0.00231494, -0.00220593) Dist: 0.003663774
( 0.00003769, -0.00196237,  0.00038496) Dist: 0.00200013
( 0.00054234, -0.00030619,  0.00096801) Dist: 0.001151057
( 0.00016162, -0.00210015, -0.00038812) Dist: 0.002141816
(-0.00274173,  0.00091021,  0.00008015) Dist: 0.002889984
(-0.00137267, -0.00137281, -0.00115411) Dist: 0.002258496
(-0.00254301,  0.00013610, -0.00261691) Dist: 0.003651523
( 0.00005621, -0.00126712, -0.00145931) Dist: 0.001933475
(-0.00270399, -0.00213722, -0.00141329) Dist: 0.003725139
( 0.00040912, -0.00099625,  0.00001787) Dist: 0.001077137
(-0.00054746, -0.00062508, -0.00194767) Dist: 0.002117509
( 0.00043343, -0.00209398, -0.00140222) Dist: 0.002557112
( 0.00013909, -0.00141241,  0.00098326) Dist: 0.001726567
(-0.00265548, -0.00206365, -0.00048191) Dist: 0.003397421
(-0.00076552, -0.00089161, -0.00269046) Dist: 0.002935906
( 0.00011544, -0.00002434, -0.00085490) Dist: 0.0008630059
(-0.00189853, -0.00036404, -0.00055353) Dist: 0.002010803
(-0.00232913, -0.00221878,  0.00073873) Dist: 0.003300541
(-0.00048808, -0.00102199, -0.00183309) Dist: 0.002154737
(-0.00109616, -0.00269083, -0.00100507) Dist: 0.003074463
(-0.00016438, -0.00088274,  0.00035109) Dist: 0.0009641126
(-0.00286098, -0.00277456,  0.00093647) Dist: 0.004093942
(-0.00274400,  0.00092284, -0.00288833) Dist: 0.004089451
( 0.00019817, -0.00238275,  0.00048495) Dist: 0.002439663
( 0.00085620, -0.00158963,  0.00044027) Dist: 0.001858449
(-0.00165165, -0.00030172,  0.00018398) Dist: 0.001689036
( 0.00015503, -0.00205969, -0.00135967) Dist: 0.002472865
( 0.00081482, -0.00047032, -0.00138294) Dist: 0.001672618
(-0.00061225, -0.00071017, -0.00045026) Dist: 0.00104016
(-0.00235494, -0.00088058, -0.00155103) Dist: 0.002954124
(-0.00083591, -0.00017455, -0.00095645) Dist: 0.001282189
(-0.00149749, -0.00207393, -0.00153741) Dist: 0.002984511
( 0.00007788,  0.00019277,  0.00092592) Dist: 0.0009489728
(-0.00269682,  0.00011974, -0.00229731) Dist: 0.003544687
( 0.00004364,  0.00004680, -0.00217861) Dist: 0.002179547
(-0.00127331, -0.00200611,  0.00061522) Dist: 0.002454442
(-0.00101630, -0.00199903, -0.00029812) Dist: 0.002262267
(-0.00069512, -0.00099189,  0.00003168) Dist: 0.00121163
(-0.00242379, -0.00141360, -0.00157795) Dist: 0.003219147
(-0.00173661, -0.00049120,  0.00064051) Dist: 0.001915032
( 0.00037518, -0.00098444, -0.00247018) Dist: 0.002685458
( 0.00066269, -0.00280607, -0.00187742) Dist: 0.003440626
(-0.00065559, -0.00279227, -0.00135581) Dist: 0.003172504
(-0.00026971, -0.00264517,  0.00039684) Dist: 0.00268834
( 0.00092163, -0.00156948, -0.00010423) Dist: 0.001823051
( 0.00085631,  0.00072454, -0.00287013) Dist: 0.00308154
(-0.00084644, -0.00180923,  0.00077904) Dist: 0.002143987
( 0.00000080, -0.00288888, -0.00191362) Dist: 0.003465191
(-0.00096234, -0.00287038, -0.00246935) Dist: 0.003906772
(-0.00247025, -0.00199404,  0.00019529) Dist: 0.003180637
(-0.00295396, -0.00207817,  0.00078955) Dist: 0.003697036
( 0.00098131, -0.00110959, -0.00178015) Dist: 0.00231584
(-0.00024094, -0.00179000, -0.00055643) Dist: 0.001889914
(-0.00166516, -0.00085511, -0.00280799) Dist: 0.003374724
(-0.00294489,  0.00064747, -0.00025541) Dist: 0.003026026
(-0.00134537, -0.00235258, -0.00030075) Dist: 0.002726741
(-0.00296330,  0.00018861, -0.00144898) Dist: 0.003303975
( 0.00076165, -0.00182165, -0.00057138) Dist: 0.002055475
( 0.00069602, -0.00194576, -0.00155035) Dist: 0.002583414
(-0.00008051, -0.00012516, -0.00157546) Dist: 0.001582472
(-0.00028533, -0.00108106, -0.00162132) Dist: 0.001969464
(-0.00230590, -0.00204062, -0.00103871) Dist: 0.003249649
( 0.00067299, -0.00158551, -0.00121078) Dist: 0.002105407
(-0.00196610,  0.00001976, -0.00239912) Dist: 0.003101889
(-0.00033420, -0.00001572, -0.00076364) Dist: 0.0008337212
(-0.00174264,  0.00016956,  0.00094258) Dist: 0.001988465
(-0.00125994, -0.00197948,  0.00062346) Dist: 0.002427856
( 0.00086534, -0.00095085, -0.00107784) Dist: 0.001677696
(-0.00257582, -0.00046013, -0.00257366) Dist: 0.003670196
(-0.00028655,  0.00004963,  0.00045361) Dist: 0.0005388266
(-0.00092407, -0.00217187,  0.00060032) Dist: 0.002435424
(-0.00161830, -0.00057783,  0.00069203) Dist: 0.001852479
( 0.00084629,  0.00019655,  0.00098404) Dist: 0.001312697
(-0.00214985, -0.00086021, -0.00209374) Dist: 0.003121788
( 0.00036160, -0.00167241, -0.00179135) Dist: 0.002477225
(-0.00201927, -0.00233837,  0.00016419) Dist: 0.003093933
(-0.00074509, -0.00060627, -0.00249834) Dist: 0.002676645
(-0.00046265,  0.00094207,  0.00054323) Dist: 0.001181796
(-0.00074175,  0.00069592, -0.00208489) Dist: 0.002319753
(-0.00144908, -0.00182368, -0.00185506) Dist: 0.002977733
(-0.00062667,  0.00044401, -0.00234339) Dist: 0.00246604
(-0.00255500, -0.00103311, -0.00197429) Dist: 0.003390152
(-0.00011887, -0.00115366,  0.00046714) Dist: 0.00125031
(-0.00207720, -0.00252806,  0.00083000) Dist: 0.003375609
(-0.00185250,  0.00095019, -0.00244383) Dist: 0.003210434
( 0.00030312, -0.00198603,  0.00011114) Dist: 0.002012097
(-0.00009955, -0.00022353,  0.00094689) Dist: 0.0009779938
( 0.00021557, -0.00284806,  0.00062055) Dist: 0.002922845
(-0.00191665,  0.00046527, -0.00181113) Dist: 0.00267773
( 0.00055658, -0.00105780, -0.00228020) Dist: 0.002574496
(-0.00017290, -0.00190428, -0.00219534) Dist: 0.002911305
( 0.00046898,  0.00067205, -0.00231680) Dist: 0.002457469
(-0.00036391, -0.00287889,  0.00011472) Dist: 0.002904064
(-0.00051231, -0.00124617, -0.00084873) Dist: 0.001592398
(-0.00214208, -0.00046278, -0.00275609) Dist: 0.003521178
( 0.00072413, -0.00003487, -0.00231364) Dist: 0.002424566
(-0.00008518,  0.00094170, -0.00015759) Dist: 0.0009585865
(-0.00029501,  0.00041655,  0.00075590) Dist: 0.000912099
(-0.00111866,  0.00030207, -0.00026012) Dist: 0.001187564
(-0.00254630, -0.00224668, -0.00082740) Dist: 0.003495114
(-0.00215988, -0.00114887,  0.00054382) Dist: 0.00250614
(-0.00211909, -0.00273884, -0.00074055) Dist: 0.00354121
(-0.00052290,  0.00088508, -0.00109880) Dist: 0.00150471
(-0.00237424, -0.00266676, -0.00185032) Dist: 0.004021478
( 0.00088624, -0.00078425, -0.00223978) Dist: 0.002533193
(-0.00088678,  0.00015056,  0.00035676) Dist: 0.0009676374
( 0.00055178, -0.00193401, -0.00193812) Dist: 0.002793058
( 0.00088026,  0.00013230,  0.00084436) Dist: 0.00122691
(-0.00178144, -0.00184154, -0.00049260) Dist: 0.002609104
( 0.00011060, -0.00208079, -0.00115696) Dist: 0.002383375
( 0.00086600, -0.00052670, -0.00024006) Dist: 0.001041631
(-0.00075569, -0.00278579, -0.00063817) Dist: 0.002956169
(-0.00046901, -0.00009632, -0.00052211) Dist: 0.000708407
(-0.00181650, -0.00272759, -0.00144934) Dist: 0.003583297
(-0.00081706, -0.00187874, -0.00027753) Dist: 0.002067426
(-0.00167157, -0.00052983, -0.00215922) Dist: 0.002781558
(-0.00184383, -0.00025169, -0.00048308) Dist: 0.001922612
(-0.00145703, -0.00089505,  0.00092403) Dist: 0.00194368
(-0.00153923, -0.00298474, -0.00111609) Dist: 0.003538865
( 0.00005725, -0.00020397, -0.00115810) Dist: 0.001177321
(-0.00279394, -0.00079294,  0.00078392) Dist: 0.003008223
( 0.00088494, -0.00173134,  0.00065659) Dist: 0.002052257
( 0.00032216, -0.00075996, -0.00078742) Dist: 0.001140774
(-0.00106965, -0.00284135, -0.00151384) Dist: 0.003392511
( 0.00078448, -0.00034741, -0.00215750) Dist: 0.002321836
(-0.00011145, -0.00184242,  0.00019473) Dist: 0.001856029
( 0.00050175, -0.00008021, -0.00103557) Dist: 0.001153517
(-0.00253699, -0.00240462, -0.00085799) Dist: 0.003599253
( 0.00047472, -0.00224971,  0.00047994) Dist: 0.002348811
(-0.00100930, -0.00133013, -0.00217778) Dist: 0.002744205
(-0.00122922, -0.00098162,  0.00015202) Dist: 0.001580407
(-0.00142513,  0.00040633, -0.00125941) Dist: 0.001944793
(-0.00024170, -0.00182223,  0.00016087) Dist: 0.001845215
(-0.00229889, -0.00188258, -0.00090554) Dist: 0.003106282
( 0.00009377, -0.00163624, -0.00083631) Dist: 0.001839974
(-0.00162621, -0.00195040, -0.00216816) Dist: 0.003339093
(-0.00295626, -0.00030435, -0.00141215) Dist: 0.003290332
( 0.00087388, -0.00255356,  0.00092891) Dist: 0.002854328
(-0.00041925, -0.00229705, -0.00148501) Dist: 0.002767214
(-0.00054702,  0.00023548,  0.00089201) Dist: 0.001072552
(-0.00146304, -0.00212251, -0.00105124) Dist: 0.002783993
(-0.00135277, -0.00220447, -0.00149296) Dist: 0.002986399
( 0.00017540, -0.00243518, -0.00032942) Dist: 0.002463609
(-0.00291540, -0.00254164, -0.00084424) Dist: 0.00395882
(-0.00131037, -0.00282725, -0.00162517) Dist: 0.003514481
(-0.00033174, -0.00226193, -0.00046647) Dist: 0.002333227
( 0.00055406, -0.00024401, -0.00116109) Dist: 0.001309446
(-0.00125140, -0.00192841,  0.00010816) Dist: 0.002301407
(-0.00218629, -0.00151195,  0.00002812) Dist: 0.002658316
(-0.00233304, -0.00161673, -0.00242192) Dist: 0.003731297
( 0.00015265,  0.00001801, -0.00020967) Dist: 0.0002599812
(-0.00161788, -0.00026732, -0.00161839) Dist: 0.002303944
( 0.00016164,  0.00028262, -0.00259142) Dist: 0.002611795
( 0.00044554, -0.00202754, -0.00072985) Dist: 0.002200477
(-0.00119149, -0.00022078, -0.00066042) Dist: 0.001380049
(-0.00253425, -0.00278898,  0.00021673) Dist: 0.003774628
( 0.00048099,  0.00056850, -0.00038085) Dist: 0.0008364173
(-0.00151607,  0.00007316, -0.00014366) Dist: 0.001524613
( 0.00024978, -0.00097442, -0.00216746) Dist: 0.002389508
( 0.00054439,  0.00016995,  0.00080161) Dist: 0.000983778
(-0.00090428, -0.00118967, -0.00170294) Dist: 0.002265619
(-0.00184896,  0.00056097, -0.00154269) Dist: 0.002472496
( 0.00035303, -0.00158376, -0.00148535) Dist: 0.002199817
(-0.00231048,  0.00072199,  0.00081146) Dist: 0.002553046
(-0.00116242, -0.00142636, -0.00030494) Dist: 0.001865124
(-0.00271007,  0.00047354,  0.00046863) Dist: 0.002790754
(-0.00016040, -0.00294959, -0.00112724) Dist: 0.003161723
(-0.00165667, -0.00114313, -0.00074973) Dist: 0.002147879
(-0.00125185, -0.00049827, -0.00129355) Dist: 0.001867798
( 0.00000503, -0.00274991,  0.00019299) Dist: 0.002756675
( 0.00061649, -0.00215929, -0.00059810) Dist: 0.002323853
(-0.00164555, -0.00118476, -0.00187905) Dist: 0.002764469
(-0.00000899, -0.00099822,  0.00083218) Dist: 0.001299639
( 0.00026330,  0.00057142, -0.00083839) Dist: 0.001048215
(-0.00039040,  0.00027129, -0.00097267) Dist: 0.001082638
( 0.00053220, -0.00029215, -0.00012882) Dist: 0.0006206348
(-0.00187577, -0.00255162, -0.00073427) Dist: 0.003250911
(-0.00056165,  0.00096218,  0.00026905) Dist: 0.001146134
( 0.00012704, -0.00139189,  0.00032030) Dist: 0.001433907
( 0.00072684, -0.00183298, -0.00208714) Dist: 0.002871282
(-0.00239401, -0.00241589, -0.00141984) Dist: 0.00368561
(-0.00110195, -0.00077396,  0.00092234) Dist: 0.001632177
(-0.00161575, -0.00089760,  0.00084313) Dist: 0.002031556
(-0.00050833, -0.00290505, -0.00282827) Dist: 0.004086178
(-0.00134237, -0.00082899, -0.00142750) Dist: 0.002127659
(-0.00113589, -0.00147082, -0.00135976) Dist: 0.002302721
(-0.00261803, -0.00144688,  0.00071919) Dist: 0.003076483
(-0.00270080, -0.00175146, -0.00124981) Dist: 0.00345311
(-0.00002621, -0.00215789, -0.00046352) Dist: 0.002207266
( 0.00004758, -0.00081305, -0.00299573) Dist: 0.003104461
(-0.00004642, -0.00070420, -0.00208109) Dist: 0.002197493
(-0.00165721,  0.00034005,  0.00093941) Dist: 0.001935066
(-0.00049448, -0.00175741, -0.00005534) Dist: 0.001826484
(-0.00299680, -0.00212581, -0.00180704) Dist: 0.004094544
( 0.00088361, -0.00048779, -0.00299662) Dist: 0.003162027
(-0.00157974, -0.00271192, -0.00271611) Dist: 0.004150583
(-0.00176223,  0.00033937,  0.00014619) Dist: 0.001800556
(-0.00273898, -0.00100601,  0.00020978) Dist: 0.002925421
( 0.00074878, -0.00217284, -0.00229689) Dist: 0.003249247
(-0.00200529, -0.00226873, -0.00019946) Dist: 0.003034489
(-0.00295310, -0.00213371, -0.00242972) Dist: 0.004379165
( 0.00059272, -0.00068436, -0.00010845) Dist: 0.0009118256
(-0.00211728, -0.00141368, -0.00167333) Dist: 0.00304654
(-0.00174592, -0.00283629,  0.00054810) Dist: 0.003375378
( 0.00095416, -0.00173455, -0.00244849) Dist: 0.003148681
(-0.00202654,  0.00050475, -0.00110014) Dist: 0.002360494
(-0.00271120,  0.00056311, -0.00052306) Dist: 0.002818024
(-0.00189249,  0.00038130, -0.00219151) Dist: 0.002920555
( 0.00096511, -0.00284424,  0.00085216) Dist: 0.003122067
(-0.00218367,  0.00089542, -0.00192246) Dist: 0.003044011
(-0.00270705, -0.00234333, -0.00246821) Dist: 0.00434872
(-0.00014038, -0.00146281, -0.00109800) Dist: 0.001834424
( 0.00038133, -0.00187904, -0.00016428) Dist: 0.001924364
(-0.00155715, -0.00220965,  0.00057240) Dist: 0.002763133
( 0.00001402, -0.00160058, -0.00193532) Dist: 0.00251147
( 0.00088726, -0.00275056, -0.00104736) Dist: 0.003074048
( 0.00060663, -0.00214259, -0.00198498) Dist: 0.002983092
(-0.00299430, -0.00054113, -0.00162763) Dist: 0.003450769
( 0.00043550, -0.00017511, -0.00160677) Dist: 0.001673927
(-0.00100801, -0.00064395, -0.00178224) Dist: 0.002146423
(-0.00059873, -0.00204741, -0.00153225) Dist: 0.002626439
(-0.00207524,  0.00098122, -0.00195228) Dist: 0.003013443
( 0.00064795, -0.00194045, -0.00213529) Dist: 0.002957137
(-0.00243442, -0.00066302,  0.00077043) Dist: 0.0026381
(-0.00133496, -0.00125865, -0.00031355) Dist: 0.00186135
(-0.00085662, -0.00276698, -0.00297424) Dist: 0.004151634
( 0.00027005, -0.00077486, -0.00246325) Dist: 0.002596331
(-0.00118289, -0.00279710, -0.00128555) Dist: 0.003297823
(-0.00011900, -0.00148391, -0.00164467) Dist: 0.002218349
(-0.00076716,  0.00035554, -0.00199358) Dist: 0.002165477
(-0.00164307,  0.00090965, -0.00299774) Dist: 0.003537455
(-0.00169449,  0.00090823, -0.00076881) Dist: 0.002070568
(-0.00147100, -0.00159795, -0.00031108) Dist: 0.002194095
( 0.00056792, -0.00107637, -0.00250458) Dist: 0.002784608
(-0.00176014,  0.00079713, -0.00226840) Dist: 0.002979791
(-0.00266782,  0.00032174, -0.00209145) Dist: 0.003405138
(-0.00263124,  0.00049980, -0.00224726) Dist: 0.0034962
( 0.00074164, -0.00294781, -0.00096061) Dist: 0.003187853
(-0.00069535, -0.00000233, -0.00243630) Dist: 0.002533592
(-0.00258320, -0.00229622, -0.00270448) Dist: 0.004388591
(-0.00257314, -0.00015793,  0.00096827) Dist: 0.002753826
(-0.00247824,  0.00016078, -0.00088091) Dist: 0.002635056
(-0.00272618,  0.00042761, -0.00032623) Dist: 0.002778728
(-0.00082211,  0.00071103, -0.00257941) Dist: 0.002799071
( 0.00095239, -0.00082046,  0.00087233) Dist: 0.001530087
(-0.00188484, -0.00154614, -0.00264481) Dist: 0.003596966
(-0.00274887, -0.00084082, -0.00215470) Dist: 0.003592497
(-0.00283345, -0.00252047, -0.00089832) Dist: 0.003897202
(-0.00114633, -0.00245599, -0.00062896) Dist: 0.002782366
(-0.00054453,  0.00077686,  0.00074683) Dist: 0.001207381
(-0.00022494,  0.00087903, -0.00207178) Dist: 0.002261765
(-0.00100820, -0.00270101, -0.00157728) Dist: 0.003286291
(-0.00134280, -0.00290113, -0.00018580) Dist: 0.003202214
( 0.00031398, -0.00232219,  0.00061075) Dist: 0.002421601
( 0.00099030,  0.00024159,  0.00041768) Dist: 0.001101594
(-0.00084246,  0.00023001, -0.00039268) Dist: 0.0009575186
(-0.00231970, -0.00298435, -0.00070344) Dist: 0.00384476
(-0.00277457, -0.00188441, -0.00217435) Dist: 0.003997127
(-0.00299073, -0.00200341, -0.00126566) Dist: 0.003815755
(-0.00218484, -0.00078287, -0.00170674) Dist: 0.002880862
( 0.00036599, -0.00030676,  0.00027339) Dist: 0.0005502664
(-0.00241864, -0.00225558, -0.00288622) Dist: 0.004389499
(-0.00135943, -0.00094534, -0.00293725) Dist: 0.003371815
( 0.00096191,  0.00062805, -0.00226613) Dist: 0.002540685
(-0.00294316,  0.00091961,  0.00026241) Dist: 0.003094625
(-0.00061237, -0.00211633, -0.00254268) Dist: 0.003364378
(-0.00053165,  0.00053842, -0.00098066) Dist: 0.001238642
(-0.00012639,  0.00053987,  0.00006902) Dist: 0.0005587442
( 0.00095453,  0.00062383, -0.00247978) Dist: 0.002729395
(-0.00039186, -0.00129410, -0.00152369) Dist: 0.002037128
( 0.00072212,  0.00086830,  0.00019339) Dist: 0.001145775
(-0.00160809, -0.00174446, -0.00192327) Dist: 0.003054186
(-0.00256641,  0.00008507, -0.00110837) Dist: 0.00279682
(-0.00058417,  0.00093471,  0.00069898) Dist: 0.001305187
(-0.00072010, -0.00063905, -0.00292066) Dist: 0.003075258
(-0.00268276, -0.00007572,  0.00028952) Dist: 0.002699399
(-0.00272595, -0.00039157,  0.00055080) Dist: 0.002808471
(-0.00015095, -0.00279749, -0.00039603) Dist: 0.002829416
(-0.00245486, -0.00164656, -0.00026383) Dist: 0.002967674
(-0.00018403, -0.00186163,  0.00098445) Dist: 0.002113921
(-0.00212029, -0.00064920,  0.00099454) Dist: 0.002430264
(-0.00158104,  0.00051121, -0.00029246) Dist: 0.001687171
(-0.00073947,  0.00002567, -0.00230665) Dist: 0.002422419
(-0.00157036, -0.00226828, -0.00180267) Dist: 0.003295569
( 0.00010507, -0.00254717,  0.00003335) Dist: 0.002549555
(-0.00178003, -0.00083484, -0.00232863) Dist: 0.003047618
(-0.00207500, -0.00081062, -0.00257000) Dist: 0.003401121
(-0.00138724, -0.00144368, -0.00144593) Dist: 0.002469691
(-0.00259327, -0.00096082,  0.00075639) Dist: 0.002867111
(-0.00091519, -0.00060809, -0.00029952) Dist: 0.00113888
( 0.00079806,  0.00050099,  0.00075958) Dist: 0.00121031
( 0.00023322, -0.00091134, -0.00038280) Dist: 0.001015615
(-0.00166616,  0.00030152, -0.00133598) Dist: 0.002156812
( 0.00008182, -0.00287810,  0.00047814) Dist: 0.00291869
(-0.00017575, -0.00256223, -0.00067892) Dist: 0.002656474
( 0.00000986, -0.00059017, -0.00088964) Dist: 0.001067641
( 0.00083555, -0.00152922, -0.00175701) Dist: 0.002474618
( 0.00044095, -0.00148581, -0.00080091) Dist: 0.001744568
( 0.00001866, -0.00003731, -0.00052335) Dist: 0.000525014
(-0.00240371, -0.00013029, -0.00013525) Dist: 0.002411034
(-0.00147459, -0.00162745, -0.00038205) Dist: 0.002229121
(-0.00098070, -0.00188609,  0.00056579) Dist: 0.002199827
( 0.00053822, -0.00249627, -0.00299183) Dist: 0.003933454
(-0.00229046,  0.00022795, -0.00243075) Dist: 0.003347644
(-0.00258223, -0.00137915, -0.00085177) Dist: 0.003048848
(-0.00207752,  0.00002525, -0.00079241) Dist: 0.002223657
( 0.00081348,  0.00056781, -0.00104482) Dist: 0.001440767
(-0.00052465, -0.00270033, -0.00151646) Dist: 0.003141125
(-0.00176006,  0.00071467, -0.00150084) Dist: 0.00242097
(-0.00229714,  0.00065575,  0.00083717) Dist: 0.002531345
(-0.00105454,  0.00074277, -0.00045362) Dist: 0.001367302
(-0.00268206, -0.00068125, -0.00242550) Dist: 0.003679754
(-0.00151149, -0.00021632,  0.00015628) Dist: 0.001534866
(-0.00092714, -0.00223642, -0.00272378) Dist: 0.003644187
(-0.00127846, -0.00228480, -0.00216462) Dist: 0.003397106
(-0.00223988, -0.00291375, -0.00040572) Dist: 0.003697514
(-0.00055251, -0.00126736, -0.00223246) Dist: 0.002625902
(-0.00254594, -0.00200783, -0.00070847) Dist: 0.003318902
(-0.00283194, -0.00074327, -0.00252956) Dist: 0.003869235
(-0.00220783, -0.00160675,  0.00099245) Dist: 0.002905355
(-0.00189795, -0.00298311,  0.00030706) Dist: 0.003549008
(-0.00028528,  0.00008628, -0.00027529) Dist: 0.0004057293
( 0.00005467, -0.00156660, -0.00211185) Dist: 0.002630042
(-0.00098617, -0.00190684, -0.00252359) Dist: 0.003313167
( 0.00070362,  0.00031876, -0.00155307) Dist: 0.001734563
( 0.00067232,  0.00072510,  0.00009608) Dist: 0.0009934852
(-0.00010631, -0.00141998, -0.00189647) Dist: 0.002371549
(-0.00022695, -0.00064478,  0.00066216) Dist: 0.0009516822
( 0.00045917, -0.00126195,  0.00037672) Dist: 0.00139473
( 0.00020590, -0.00215092,  0.00032235) Dist: 0.002184665
( 0.00012194, -0.00256672, -0.00289340) Dist: 0.003869712
(-0.00219553,  0.00000620,  0.00022591) Dist: 0.002207135
( 0.00057981,  0.00016499, -0.00257221) Dist: 0.002641906
( 0.00077551, -0.00041585,  0.00088881) Dist: 0.001250731
(-0.00011038,  0.00003875, -0.00205745) Dist: 0.002060774
(-0.00059900, -0.00181177, -0.00259486) Dist: 0.003220959
(-0.00175055, -0.00256476, -0.00235555) Dist: 0.00389757
(-0.00072571,  0.00064177, -0.00061683) Dist: 0.00114848
(-0.00178118, -0.00022523, -0.00083595) Dist: 0.001980435
(-0.00185036,  0.00008327,  0.00070063) Dist: 0.001980316
(-0.00217171, -0.00240341, -0.00231256) Dist: 0.00398003
(-0.00127809, -0.00204705, -0.00195585) Dist: 0.003106331
(-0.00015388, -0.00170282, -0.00117594) Dist: 0.002075115
(-0.00094870, -0.00048103, -0.00181776) Dist: 0.002106098
(-0.00092046, -0.00095421,  0.00057927) Dist: 0.00144683
(-0.00161041,  0.00089670, -0.00136461) Dist: 0.002293388
(-0.00216092, -0.00130363, -0.00137681) Dist: 0.002874827
(-0.00158308, -0.00222586, -0.00041240) Dist: 0.002762363
(-0.00274186, -0.00269489,  0.00018389) Dist: 0.003848902
( 0.00027550,  0.00056644,  0.00089143) Dist: 0.001091513
(-0.00158610, -0.00101546,  0.00008376) Dist: 0.001885171
( 0.00046709, -0.00021889,  0.00034041) Dist: 0.0006180321
(-0.00114669, -0.00188389, -0.00125634) Dist: 0.002538174
(-0.00036578,  0.00096160, -0.00186648) Dist: 0.002131244
(-0.00165873, -0.00063011, -0.00098759) Dist: 0.0020307
(-0.00297332, -0.00244043,  0.00041581) Dist: 0.00386901
(-0.00283845, -0.00213470, -0.00249351) Dist: 0.004339509
(-0.00070357, -0.00227915, -0.00129612) Dist: 0.002714674
(-0.00072982, -0.00170846, -0.00251981) Dist: 0.003130637
(-0.00291336, -0.00012174, -0.00150067) Dist: 0.003279401
(-0.00107165, -0.00277698, -0.00041047) Dist: 0.003004754
(-0.00241262, -0.00005032, -0.00032687) Dist: 0.002435177
(-0.00285372, -0.00214694, -0.00136617) Dist: 0.003823542
(-0.00224024, -0.00185735, -0.00113338) Dist: 0.003122975
(-0.00110069,  0.00005320, -0.00026457) Dist: 0.001133294
(-0.00101129,  0.00075204, -0.00232661) Dist: 0.002646016
(-0.00143599,  0.00039365, -0.00240835) Dist: 0.002831459
(-0.00220221, -0.00109488,  0.00035630) Dist: 0.002485042
(-0.00291976, -0.00264549,  0.00066862) Dist: 0.003996333
(-0.00207116,  0.00007148, -0.00117133) Dist: 0.002380513
( 0.00056877, -0.00090615, -0.00295356) Dist: 0.003141361
(-0.00197175, -0.00191046,  0.00001318) Dist: 0.002745511
( 0.00083479, -0.00157696, -0.00037101) Dist: 0.001822453
( 0.00053911, -0.00137294, -0.00162774) Dist: 0.002196619
( 0.00094909, -0.00280827, -0.00204416) Dist: 0.003600803
(-0.00040396, -0.00020179, -0.00299264) Dist: 0.003026515
(-0.00263438, -0.00159497, -0.00226608) Dist: 0.003823473
(-0.00077023, -0.00200329, -0.00243939) Dist: 0.003249158
(-0.00201214, -0.00091288, -0.00141786) Dist: 0.002625332
(-0.00293479, -0.00035072, -0.00035610) Dist: 0.002977045
(-0.00164386,  0.00060873,  0.00000207) Dist: 0.001752948
(-0.00200963, -0.00030831, -0.00242172) Dist: 0.003162023
( 0.00088938,  0.00012411, -0.00164674) Dist: 0.001875667
( 0.00077518, -0.00202115,  0.00079903) Dist: 0.002307466
(-0.00135875,  0.00001727, -0.00105350) Dist: 0.001719408
( 0.00035270, -0.00130464, -0.00288478) Dist: 0.00318566
( 0.00049072, -0.00024724, -0.00038025) Dist: 0.0006682232
(-0.00299327, -0.00199102, -0.00127190) Dist: 0.003813337
(-0.00024947, -0.00067076, -0.00004170) Dist: 0.0007168676
(-0.00127371, -0.00226497,  0.00052578) Dist: 0.0026512
(-0.00094465, -0.00047312,  0.00078058) Dist: 0.001313587
(-0.00015851, -0.00052172, -0.00091893) Dist: 0.00106853
(-0.00276138, -0.00287887, -0.00010764) Dist: 0.003990573
( 0.00038180, -0.00250082,  0.00038905) Dist: 0.002559541
(-0.00122766, -0.00175172, -0.00097604) Dist: 0.002351241
( 0.00030559,  0.00034060,  0.00067793) Dist: 0.0008179094
(-0.00114464, -0.00049234, -0.00170005) Dist: 0.002107786
(-0.00102159, -0.00073037, -0.00117114) Dist: 0.001717165
( 0.00007130, -0.00087101,  0.00002769) Dist: 0.0008743663
(-0.00079886, -0.00128199,  0.00074206) Dist: 0.001682955
(-0.00058538, -0.00191993, -0.00020181) Dist: 0.002017307
(-0.00044317, -0.00165223, -0.00051799) Dist: 0.001787335
(-0.00189155, -0.00025570, -0.00230007) Dist: 0.002988926
(-0.00062504, -0.00003563,  0.00083657) Dist: 0.001044888
(-0.00015404,  0.00044664, -0.00250370) Dist: 0.00254789
(-0.00017120, -0.00299827, -0.00294855) Dist: 0.004208661
( 0.00028734, -0.00023331, -0.00162917) Dist: 0.001670685
(-0.00145809, -0.00054336, -0.00296992) Dist: 0.003352861
(-0.00254154, -0.00158259, -0.00066127) Dist: 0.00306615
(-0.00229839, -0.00237817, -0.00287246) Dist: 0.004380559
( 0.00036675,  0.00081115, -0.00124757) Dist: 0.001532613
(-0.00178473,  0.00091487,  0.00083880) Dist: 0.0021739
( 0.00030615, -0.00164510, -0.00240863) Dist: 0.002932842
(-0.00077766, -0.00069663,  0.00033161) Dist: 0.001095457
( 0.00059546, -0.00266264,  0.00059389) Dist: 0.002792298
(-0.00155577, -0.00007167,  0.00003027) Dist: 0.001557715
(-0.00175697, -0.00125332, -0.00179486) Dist: 0.002807005
( 0.00043349, -0.00243508,  0.00032048) Dist: 0.002494039
(-0.00079511,  0.00033385, -0.00051685) Dist: 0.001005376
(-0.00159510,  0.00064338, -0.00010048) Dist: 0.001722894
(-0.00252540, -0.00168991,  0.00034127) Dist: 0.00305776
(-0.00285335, -0.00159063, -0.00184543) Dist: 0.003751975
(-0.00067944, -0.00218430, -0.00146313) Dist: 0.002715426
(-0.00088910,  0.00057832, -0.00254587) Dist: 0.002757968
( 0.00037025, -0.00117281, -0.00045567) Dist: 0.001311563
(-0.00001441, -0.00147687,  0.00099544) Dist: 0.001781078
(-0.00256339, -0.00043265,  0.00063689) Dist: 0.002676521
( 0.00026782,  0.00093741,  0.00090638) Dist: 0.001331164
(-0.00181164, -0.00135191, -0.00148930) Dist: 0.002706974
(-0.00156334, -0.00176759, -0.00255433) Dist: 0.003477499
(-0.00039900,  0.00006541, -0.00151133) Dist: 0.001564481
(-0.00205153, -0.00281360, -0.00228176) Dist: 0.004163115
(-0.00226343, -0.00028709, -0.00115626) Dist: 0.002557824
( 0.00087458, -0.00031192, -0.00155224) Dist: 0.001808764
( 0.00084435,  0.00068452, -0.00055740) Dist: 0.001221552
( 0.00020225, -0.00178133, -0.00232257) Dist: 0.002934002
( 0.00082509, -0.00045104, -0.00201114) Dist: 0.002220111
(-0.00241760, -0.00137918, -0.00009738) Dist: 0.002785037
(-0.00144448,  0.00085965, -0.00289416) Dist: 0.003346891
(-0.00187285,  0.00073284, -0.00035024) Dist: 0.0020414
( 0.00023170, -0.00131557,  0.00040183) Dist: 0.001394943
(-0.00250102,  0.00038018, -0.00032164) Dist: 0.002550115
(-0.00195778, -0.00157304,  0.00020292) Dist: 0.002519626
(-0.00218819, -0.00236011, -0.00056145) Dist: 0.003267041
(-0.00067803,  0.00049825, -0.00031990) Dist: 0.0009001729
(-0.00025713, -0.00063039, -0.00049192) Dist: 0.0008399328
(-0.00027901,  0.00091606, -0.00190331) Dist: 0.002130631
(-0.00060203, -0.00034646,  0.00066304) Dist: 0.0009602655
(-0.00146313,  0.00027066, -0.00220385) Dist: 0.002659124
( 0.00031848, -0.00227180, -0.00141004) Dist: 0.002692713
(-0.00216037, -0.00125366, -0.00011490) Dist: 0.002500416
(-0.00026406, -0.00192410, -0.00141408) Dist: 0.002402398
(-0.00280890, -0.00167307, -0.00067153) Dist: 0.003337667
(-0.00212871, -0.00136949, -0.00234627) Dist: 0.00345136
(-0.00023030, -0.00072549, -0.00174722) Dist: 0.001905823
( 0.00018779, -0.00077718, -0.00105460) Dist: 0.00132342
( 0.00039957, -0.00185657, -0.00156095) Dist: 0.00245826
( 0.00043755,  0.00035741, -0.00167667) Dist: 0.001769295
(-0.00152042,  0.00072693, -0.00002328) Dist: 0.001685427
(-0.00021754, -0.00112096, -0.00169064) Dist: 0.002040132
( 0.00086304, -0.00145442,  0.00097460) Dist: 0.001951931
(-0.00067451,  0.00085574, -0.00045526) Dist: 0.0011809
( 0.00026242, -0.00061754, -0.00170880) Dist: 0.001835815
( 0.00017001, -0.00103117, -0.00213442) Dist: 0.002376542
(-0.00215652, -0.00046752, -0.00260416) Dist: 0.00341333
(-0.00088135, -0.00013913, -0.00091255) Dist: 0.001276282
(-0.00271681, -0.00103881, -0.00296345) Dist: 0.00415238
( 0.00070711, -0.00216433, -0.00116902) Dist: 0.002559477
(-0.00236402,  0.00076802,  0.00026085) Dist: 0.002499293
(-0.00292284, -0.00149498, -0.00084561) Dist: 0.003390129
(-0.00221836, -0.00243134, -0.00022445) Dist: 0.003298926
(-0.00201879, -0.00276555, -0.00250027) Dist: 0.004239708
(-0.00147926, -0.00068521, -0.00087576) Dist: 0.001850592
( 0.00007674, -0.00067047, -0.00093196) Dist: 0.001150639
(-0.00003962, -0.00075934, -0.00223615) Dist: 0.00236189
( 0.00041266, -0.00092179, -0.00191102) Dist: 0.002161477
(-0.00108074, -0.00255294,  0.00013376) Dist: 0.002775495
(-0.00243048, -0.00219093,  0.00015486) Dist: 0.003275883
(-0.00090956, -0.00075608, -0.00196743) Dist: 0.002295586
( 0.00030204, -0.00070900, -0.00050157) Dist: 0.000919498
(-0.00003657, -0.00051032, -0.00249306) Dist: 0.00254502
(-0.00164408, -0.00034839,  0.00012275) Dist: 0.001685066
(-0.00291448, -0.00137298, -0.00048098) Dist: 0.003257391
(-0.00116317, -0.00286336, -0.00021113) Dist: 0.003097804
( 0.00003710,  0.00002666, -0.00139338) Dist: 0.001394129
(-0.00141277,  0.00056069, -0.00248917) Dist: 0.002916552
(-0.00263642, -0.00174593, -0.00046198) Dist: 0.003195691
(-0.00013412, -0.00197614, -0.00122457) Dist: 0.002328669
(-0.00194405, -0.00172955, -0.00039726) Dist: 0.002632207
(-0.00040073, -0.00195641, -0.00298039) Dist: 0.003587599
(-0.00138953, -0.00204506, -0.00247035) Dist: 0.003495092
(-0.00153712, -0.00033637, -0.00051785) Dist: 0.001656519
(-0.00050193, -0.00039864,  0.00075552) Dist: 0.0009907839
( 0.00020607, -0.00226520, -0.00192302) Dist: 0.002978529
( 0.00008521, -0.00012024,  0.00097367) Dist: 0.0009847569
( 0.00093606, -0.00260617, -0.00073223) Dist: 0.002864346
( 0.00041406, -0.00165140, -0.00177731) Dist: 0.002461175
(-0.00105808, -0.00086674, -0.00249446) Dist: 0.002844836
(-0.00082333, -0.00102181, -0.00122819) Dist: 0.001797341
( 0.00088311,  0.00001805,  0.00014336) Dist: 0.0008948523
( 0.00080253, -0.00104955,  0.00041743) Dist: 0.001385593
( 0.00020162,  0.00027502, -0.00232294) Dist: 0.002347839
(-0.00290225, -0.00018501, -0.00277250) Dist: 0.004017965
( 0.00034495, -0.00034950,  0.00094583) Dist: 0.001065708
(-0.00154452, -0.00169524, -0.00202337) Dist: 0.003058335
(-0.00188617, -0.00224505, -0.00193370) Dist: 0.003512414
( 0.00098785, -0.00116805,  0.00074162) Dist: 0.001700051
( 0.00083068, -0.00212832, -0.00059999) Dist: 0.002362152
(-0.00253918, -0.00293677, -0.00224250) Dist: 0.004483391
(-0.00116933, -0.00120971, -0.00066022) Dist: 0.001807382
(-0.00253704, -0.00120804, -0.00248169) Dist: 0.003748957
(-0.00110023, -0.00111218, -0.00181133) Dist: 0.002393397
(-0.00233635, -0.00241550, -0.00282848) Dist: 0.004392428
(-0.00090531, -0.00233894, -0.00041958) Dist: 0.00254288
(-0.00235791, -0.00006060, -0.00041967) Dist: 0.002395731
( 0.00095754,  0.00076483, -0.00073928) Dist: 0.001431218
(-0.00005297, -0.00009591,  0.00055414) Dist: 0.0005648687
(-0.00257108, -0.00059333, -0.00082763) Dist: 0.002765409
(-0.00108968, -0.00093142, -0.00097631) Dist: 0.001734394
(-0.00240341, -0.00292237, -0.00152831) Dist: 0.004080732
(-0.00006931,  0.00092225, -0.00278093) Dist: 0.002930689
(-0.00081563, -0.00097014, -0.00134380) Dist: 0.001847218
(-0.00083679,  0.00031393,  0.00024557) Dist: 0.0009268612
( 0.00070220, -0.00052800,  0.00041490) Dist: 0.0009715991
(-0.00081569, -0.00126562, -0.00236115) Dist: 0.002800384
( 0.00052385,  0.00060125,  0.00077242) Dist: 0.001110199
( 0.00089100, -0.00227204,  0.00079189) Dist: 0.002565758
(-0.00168325,  0.00008011, -0.00006259) Dist: 0.001686318
( 0.00025668, -0.00161617, -0.00003657) Dist: 0.001636834
( 0.00000214,  0.00098885, -0.00274461) Dist: 0.002917315
( 0.00029689,  0.00069473,  0.00002900) Dist: 0.000756068
( 0.00000512,  0.00054749, -0.00165321) Dist: 0.001741517
(-0.00162541,  0.00022242, -0.00177577) Dist: 0.002417598
( 0.00094280, -0.00253064, -0.00188288) Dist: 0.003292149
(-0.00051081, -0.00118255,  0.00086542) Dist: 0.001551871
(-0.00213169, -0.00214620,  0.00041237) Dist: 0.003052926
( 0.00075233,  0.00061860, -0.00040625) Dist: 0.001055324
(-0.00109236, -0.00285645,  0.00065913) Dist: 0.00312842
(-0.00026914, -0.00193360, -0.00201356) Dist: 0.002804579
(-0.00291540,  0.00081266, -0.00169676) Dist: 0.003469724
(-0.00032583, -0.00178819,  0.00087884) Dist: 0.002018948
(-0.00060079, -0.00140280, -0.00039741) Dist: 0.001576933
(-0.00027401, -0.00231538, -0.00115800) Dist: 0.002603272
(-0.00170182, -0.00276759, -0.00024242) Dist: 0.003257994
( 0.00000858, -0.00264259, -0.00147888) Dist: 0.003028269
(-0.00174525, -0.00278990, -0.00097963) Dist: 0.003433525
(-0.00125466,  0.00061024,  0.00048997) Dist: 0.001478728
(-0.00068812,  0.00067564, -0.00291332) Dist: 0.003068789
(-0.00257308,  0.00096873, -0.00125040) Dist: 0.003020382
(-0.00071894, -0.00126768,  0.00075494) Dist: 0.001641288
( 0.00020600, -0.00185908, -0.00027677) Dist: 0.001890824
( 0.00015516, -0.00250643,  0.00000511) Dist: 0.002511237
( 0.00033836, -0.00022810, -0.00262752) Dist: 0.002659013
(-0.00283452,  0.00098521, -0.00051783) Dist: 0.003045211
( 0.00051413, -0.00242850, -0.00121948) Dist: 0.002765694
(-0.00252940,  0.00003750, -0.00227452) Dist: 0.003401864
( 0.00089905, -0.00105237, -0.00289334) Dist: 0.003207368
( 0.00056564, -0.00116567, -0.00198648) Dist: 0.002371676
( 0.00093935, -0.00282450, -0.00135456) Dist: 0.003270325
(-0.00228762, -0.00284046,  0.00004840) Dist: 0.003647436
( 0.00069022, -0.00091353,  0.00019079) Dist: 0.001160754
(-0.00118205, -0.00287338, -0.00085670) Dist: 0.003222965
(-0.00283120, -0.00234133, -0.00100098) Dist: 0.003807814
(-0.00134497, -0.00223626, -0.00099309) Dist: 0.002792139
(-0.00298957,  0.00088839,  0.00009913) Dist: 0.003120352
( 0.00066668, -0.00252581, -0.00030301) Dist: 0.002629823
( 0.00012776, -0.00167389, -0.00037687) Dist: 0.001720536
( 0.00079060, -0.00212661, -0.00211164) Dist: 0.003099441
(-0.00081739, -0.00237949,  0.00057623) Dist: 0.002581108
(-0.00287460, -0.00107037, -0.00062059) Dist: 0.003129561
( 0.00014206, -0.00246143, -0.00133133) Dist: 0.002802014
(-0.00273906,  0.00090110, -0.00121290) Dist: 0.003128187
( 0.00043415, -0.00009007, -0.00243065) Dist: 0.002470764
( 0.00041053,  0.00074653,  0.00086207) Dist: 0.001212022
( 0.00043255, -0.00209343,  0.00069547) Dist: 0.002247938
( 0.00095013, -0.00207158, -0.00188451) Dist: 0.002957292
(-0.00139979, -0.00223824,  0.00043735) Dist: 0.002675891
(-0.00006678, -0.00190820,  0.00022793) Dist: 0.001922928
(-0.00067535, -0.00086742, -0.00101936) Dist: 0.001499207
(-0.00033912, -0.00274660,  0.00055899) Dist: 0.002823344
( 0.00063933, -0.00120225, -0.00116969) Dist: 0.001795077
(-0.00283936, -0.00247725, -0.00291998) Dist: 0.004767077
( 0.00027674, -0.00275959, -0.00030803) Dist: 0.002790483
(-0.00122436, -0.00233924, -0.00268558) Dist: 0.00376609
( 0.00068217, -0.00129747, -0.00207838) Dist: 0.002543315
(-0.00218969, -0.00051463, -0.00025858) Dist: 0.002264167
(-0.00240171, -0.00213191, -0.00079682) Dist: 0.003308802
(-0.00121187,  0.00064463, -0.00281366) Dist: 0.003130629
(-0.00172262, -0.00192128, -0.00115258) Dist: 0.002826163
(-0.00116054, -0.00199537, -0.00126746) Dist: 0.002633398
(-0.00072723, -0.00202894,  0.00092586) Dist: 0.002345774
(-0.00271711, -0.00214282, -0.00166106) Dist: 0.003838417
(-0.00240691, -0.00047573, -0.00280809) Dist: 0.003728925
( 0.00005207, -0.00151287,  0.00054470) Dist: 0.001608785
( 0.00017230, -0.00027573, -0.00138263) Dist: 0.001420344
(-0.00288655, -0.00000448, -0.00029141) Dist: 0.002901225
(-0.00278899, -0.00041321, -0.00057661) Dist: 0.002877795
(-0.00223672, -0.00249444, -0.00288905) Dist: 0.004424
(-0.00114037, -0.00217111,  0.00053548) Dist: 0.002510153
( 0.00031020,  0.00030637, -0.00112129) Dist: 0.001203071
( 0.00049540,  0.00007661, -0.00089403) Dist: 0.001024977
( 0.00080133, -0.00224943, -0.00015946) Dist: 0.002393215
(-0.00167281, -0.00094144, -0.00209651) Dist: 0.002842525
(-0.00198040, -0.00235314, -0.00221373) Dist: 0.003789435
( 0.00070709, -0.00090575, -0.00190318) Dist: 0.002223165
(-0.00093264, -0.00081489,  0.00049856) Dist: 0.001335073
(-0.00199595, -0.00095117, -0.00144397) Dist: 0.002640751
(-0.00149677, -0.00259170, -0.00074783) Dist: 0.003084881
( 0.00053751, -0.00288275,  0.00017517) Dist: 0.002937658
( 0.00003844, -0.00040825, -0.00264086) Dist: 0.002672506
(-0.00125221,  0.00014600,  0.00028766) Dist: 0.001293089
(-0.00188720, -0.00152210, -0.00298885) Dist: 0.003848571
(-0.00154767,  0.00041872, -0.00175427) Dist: 0.002376569
(-0.00208466, -0.00262950, -0.00113901) Dist: 0.003543647
( 0.00052739, -0.00299655, -0.00156891) Dist: 0.003423294
( 0.00047517, -0.00012234, -0.00075178) Dist: 0.000897733
(-0.00022827,  0.00092948, -0.00124648) Dist: 0.001571542
( 0.00017898, -0.00149935,  0.00085515) Dist: 0.001735329
( 0.00083199,  0.00037541,  0.00084695) Dist: 0.001245177
( 0.00075880, -0.00111164, -0.00201882) Dist: 0.002426348
(-0.00032781, -0.00285723, -0.00024049) Dist: 0.002886014
(-0.00151966, -0.00200849, -0.00277319) Dist: 0.003746189
(-0.00058745, -0.00229865, -0.00150152) Dist: 0.00280775
(-0.00217617, -0.00079672, -0.00254656) Dist: 0.003443176
(-0.00044733, -0.00056066, -0.00264769) Dist: 0.002743116
(-0.00256696, -0.00169347, -0.00273026) Dist: 0.004112352
(-0.00278510, -0.00059689, -0.00172744) Dist: 0.003331235
(-0.00284546,  0.00043995, -0.00138349) Dist: 0.003194401
( 0.00028209, -0.00291646, -0.00263699) Dist: 0.003941957
( 0.00008361, -0.00035274,  0.00094206) Dist: 0.001009405
(-0.00001035, -0.00004921,  0.00017619) Dist: 0.0001832235
( 0.00058873,  0.00096562, -0.00078038) Dist: 0.001374053
(-0.00117484, -0.00284763, -0.00023125) Dist: 0.003089126
( 0.00076959, -0.00070280,  0.00065667) Dist: 0.001231838
(-0.00162728, -0.00088918, -0.00134889) Dist: 0.002293072
(-0.00161750, -0.00179759, -0.00177365) Dist: 0.002998912
(-0.00145102, -0.00066171, -0.00221476) Dist: 0.002729186
( 0.00098342, -0.00051764,  0.00056255) Dist: 0.001245605
(-0.00121521, -0.00045797, -0.00122034) Dist: 0.001782047
(-0.00239445, -0.00229136, -0.00083134) Dist: 0.003416847
(-0.00117732,  0.00087265, -0.00171128) Dist: 0.002253018
(-0.00143475, -0.00073080, -0.00031651) Dist: 0.001640962
(-0.00153982, -0.00121127, -0.00286075) Dist: 0.003467286
(-0.00008561, -0.00174900, -0.00089554) Dist: 0.001966803
(-0.00160353, -0.00234152, -0.00141468) Dist: 0.003171016
( 0.00000821, -0.00157786, -0.00274881) Dist: 0.00316949
(-0.00111269, -0.00160874, -0.00268275) Dist: 0.003320128
(-0.00013328, -0.00175510, -0.00170230) Dist: 0.002448666
(-0.00148383, -0.00130763, -0.00220052) Dist: 0.002958702
(-0.00083569,  0.00083406, -0.00025005) Dist: 0.001206882
(-0.00282066, -0.00226332,  0.00088351) Dist: 0.003722812
(-0.00260699, -0.00073687, -0.00128548) Dist: 0.002998636
(-0.00040403, -0.00167325, -0.00024865) Dist: 0.001739208
( 0.00026950, -0.00008032, -0.00277611) Dist: 0.002790311
(-0.00178071,  0.00086610, -0.00076603) Dist: 0.002123169
(-0.00277509, -0.00135613,  0.00037501) Dist: 0.003111405
(-0.00191260, -0.00053162,  0.00088974) Dist: 0.002175384
(-0.00206326,  0.00073681, -0.00002073) Dist: 0.002190972
(-0.00159333, -0.00127837, -0.00042337) Dist: 0.002086185
( 0.00080927, -0.00048255, -0.00006260) Dist: 0.0009442892
(-0.00143177, -0.00006061, -0.00234570) Dist: 0.002748811
(-0.00148333, -0.00165425, -0.00272043) Dist: 0.003512483
(-0.00198061, -0.00064581,  0.00098733) Dist: 0.002305362
( 0.00006142, -0.00059952, -0.00245384) Dist: 0.002526763
(-0.00153674, -0.00298002, -0.00156299) Dist: 0.003699325
(-0.00003651, -0.00175653,  0.00051343) Dist: 0.001830396
(-0.00079341, -0.00047515, -0.00057676) Dist: 0.001089919
(-0.00039470, -0.00217985, -0.00176991) Dist: 0.002835507
(-0.00294816,  0.00091670,  0.00045631) Dist: 0.003120932
(-0.00274906,  0.00049588, -0.00198492) Dist: 0.003426825
( 0.00008077, -0.00121750, -0.00025172) Dist: 0.001245867
(-0.00113278, -0.00250903, -0.00158052) Dist: 0.003174345
(-0.00121209, -0.00111855,  0.00021893) Dist: 0.001663801
(-0.00239624, -0.00065931, -0.00247684) Dist: 0.003508761
(-0.00296321,  0.00021373,  0.00019482) Dist: 0.00297729
( 0.00063998, -0.00297927, -0.00235535) Dist: 0.003851403
(-0.00243212,  0.00054975, -0.00082320) Dist: 0.002625852
(-0.00079465, -0.00199312, -0.00180411) Dist: 0.002803357
(-0.00145748,  0.00059463, -0.00179852) Dist: 0.002390086
( 0.00032081, -0.00003760,  0.00074348) Dist: 0.0008106151
(-0.00118229, -0.00194293, -0.00142041) Dist: 0.00268148
(-0.00174573,  0.00045597,  0.00063626) Dist: 0.001913195
(-0.00269783,  0.00066530,  0.00094012) Dist: 0.002933384
(-0.00079778,  0.00081780, -0.00235515) Dist: 0.002617625
(-0.00255803, -0.00150488, -0.00199203) Dist: 0.003574405
(-0.00148372, -0.00245608, -0.00023856) Dist: 0.00287935
(-0.00278228,  0.00094910, -0.00126017) Dist: 0.003198422
(-0.00264603, -0.00119920, -0.00247676) Dist: 0.003817573
(-0.00087468, -0.00116431,  0.00067119) Dist: 0.001603487
(-0.00279612,  0.00017869, -0.00203972) Dist: 0.003465641
(-0.00204304, -0.00295280, -0.00023930) Dist: 0.003598657
( 0.00020590, -0.00044294, -0.00077344) Dist: 0.0009147676
( 0.00040135,  0.00062387, -0.00208472) Dist: 0.002212767
(-0.00072308, -0.00217351,  0.00034304) Dist: 0.002316172
(-0.00087594, -0.00132888,  0.00067273) Dist: 0.001727934
(-0.00148674,  0.00012225, -0.00186264) Dist: 0.002386377
(-0.00240716,  0.00010637, -0.00177417) Dist: 0.002992221
(-0.00096718, -0.00109937,  0.00022575) Dist: 0.001481555
(-0.00013450,  0.00041973, -0.00267457) Dist: 0.002710649
(-0.00155633, -0.00091934, -0.00008421) Dist: 0.00180954
( 0.00068367, -0.00270909,  0.00035396) Dist: 0.00281636
(-0.00106564, -0.00200601, -0.00200842) Dist: 0.003032069
(-0.00257083, -0.00169311, -0.00163921) Dist: 0.003487518
( 0.00078335, -0.00085811, -0.00214757) Dist: 0.002441729

[Whack Points Start]
( 0.00045917, -0.00126195,  0.00037672) Dist: 0.00139473
( 0.00085620, -0.00158963,  0.00044027) Dist: 0.001858449
(-0.00155577, -0.00007167,  0.00003027) Dist: 0.001557715
(-0.00164408, -0.00034839,  0.00012275) Dist: 0.001685066
(-0.00277509, -0.00135613,  0.00037501) Dist: 0.003111405



[Whack Points Start]
(0.57502800, -0.61383940, 0.19495340) Dist: 0.8634019

[Whack Points Start]
(0.92586030, 0.24787900, -0.08395800) Dist: 0.9621384

[Whack Points Start]
(0.31663410, -0.94654710, 0.27831650) Dist: 1.03618

[Whack Points Start]
(-0.10036650, 0.18259820, -0.04624474) Dist: 0.2134341
(-0.58165230, -0.54576090, 0.11114050) Dist: 0.8053114

[Whack Points Start]
(0.06416628, -0.58167470, 0.15912240) Dist: 0.6064509
(-0.73532890, 0.72351400, -0.13491120) Dist: 1.040376

[Whack Points Start]
(0.55390780, -0.32251630, 0.10099920) Dist: 0.6488693
(-0.21715050, -0.28849740, 0.06956699) Dist: 0.3677291

[Whack Points Start]
(-0.10859500, 0.30903560, -0.07825887) Dist: 0.3367794
(0.09180909, 0.37250990, -0.10152020) Dist: 0.3968613

